ForwardKinematicsButtonPushed
FUNCION CINEMATICA DIRECTA

Cadera1_PosXYZ_REF0 =

     1     0     0   160
     0     1     0     0
     0     0     1     0
     0     0     0     1


Rodilla1_PosXYZ_CAD1 =

    1.0000         0         0  147.5000
         0    1.0000         0         0
         0         0    1.0000         0
         0         0         0    1.0000


Rodilla1_PosXYZ_REF0 =

    1.0000         0         0  307.5000
         0    1.0000         0         0
         0         0    1.0000         0
         0         0         0    1.0000


Cadera2_PosXYZ_REF0 =

    1.0000         0         0  -80.0000
         0    1.0000         0  138.5641
         0         0    1.0000         0
         0         0         0    1.0000


Rot2_4x4 =

   -0.5000   -0.8660         0         0
    0.8660   -0.5000         0         0
         0         0    1.0000         0
         0         0         0    1.0000


Rodilla2_PosXYZ_CAD2 =

    1.0000         0         0  127.7387
         0    1.0000         0         0
         0         0    1.0000   73.7500
         0         0         0    1.0000


Rodilla2_PosXYZ_REF0 =

   -0.5000   -0.8660         0 -143.8694
    0.8660   -0.5000         0  249.1891
         0         0    1.0000   73.7500
         0         0         0    1.0000


Cadera3_PosXYZ_REF0 =

    1.0000         0         0  -80.0000
         0    1.0000         0 -138.5641
         0         0    1.0000         0
         0         0         0    1.0000


Rot3_4x4 =

   -0.5000    0.8660         0         0
   -0.8660   -0.5000         0         0
         0         0    1.0000         0
         0         0         0    1.0000


Rodilla3_PosXYZ_CAD3 =

    1.0000         0         0  127.7387
         0    1.0000         0         0
         0         0    1.0000  -73.7500
         0         0         0    1.0000


Rodilla3_PosXYZ_REF0 =

   -0.5000    0.8660         0 -143.8694
   -0.8660   -0.5000         0 -249.1891
         0         0    1.0000  -73.7500
         0         0         0    1.0000


Tobillo1_PosXYZ_EF =

    1.0000         0         0   56.4500
         0    1.0000         0         0
         0         0    1.0000         0
         0         0         0    1.0000


Tobillo2_PosXYZ_EF =

    1.0000         0         0  -28.2250
         0    1.0000         0   48.8871
         0         0    1.0000         0
         0         0         0    1.0000


Tobillo3_PosXYZ_EF =

    1.0000         0         0  -28.2250
         0    1.0000         0  -48.8871
         0         0    1.0000         0
         0         0         0    1.0000


Esf1_PosXYZ_REF0 =

         0         0         0  251.0500
         0         0         0         0
         0         0         0         0
         0         0         0         0


Esf2_PosXYZ_REF0 =

   -1.5000   -0.8660         0 -115.6444
    0.8660   -1.5000         0  200.3019
         0         0         0   73.7500
         0         0         0         0


Esf3_PosXYZ_REF0 =

   -1.5000    0.8660         0 -115.6444
   -0.8660   -1.5000         0 -200.3019
         0         0         0  -73.7500
         0         0         0         0

FUNCION CINEMATICA INVERSA
Tobillo1_PosXYZ_REF0 = 62.0303, 65.7547, -178.587
Tobillo1_PosXYZ_REF1 = 62.0303, 65.7547, -178.587
Tobillo2_PosXYZ_REF0 = -22.6447, 114.6418, -178.587
Tobillo2_PosXYZ_REF2 = 110.6051, -37.7101, -178.587
Tobillo3_PosXYZ_REF0 = -22.6447, 16.8676, -178.587
Tobillo3_PosXYZ_REF3 = -3.2854, -28.0446, -178.587
***************** Calcular angulo cadera 1 ********************
Posicion tobillo a calcular: 

Tobillo_PosXYZ =

   62.0303
   65.7547
 -178.5870

Theta_rad = 0.21332
Alpha_rad = 2.6318
Caso 1
L = 203.6943, Gamma_rad = 1.069, Beta_rad = 2.0726, q_rad = -4.4409e-16, 

Alpha_deg =

  150.7915

***************** Calcular angulo cadera 2 ********************
Posicion tobillo a calcular: 

Tobillo_PosXYZ =

  110.6051
  -37.7101
 -178.5870

Theta_rad = -0.12171
Alpha_rad = 2.4966
Caso 1
L = 185.2922, Gamma_rad = 1.301, Beta_rad = 2.3642, q_rad = -0.5236, 

Alpha_deg =

  143.0466

***************** Calcular angulo cadera 3 ********************
Posicion tobillo a calcular: 

Tobillo_PosXYZ =

   -3.2854
  -28.0446
 -178.5870

Theta_rad = -0.090415
Alpha_rad = 2.7858
Caso 2
L = 241.9823, Gamma_rad = 0.83013, Beta_rad = 1.7879, q_rad = 0.5236, 

Alpha_deg =

  159.6152

MATRIZ JACOBIANA